p=2  6.91169163E+11  260.  211.
p=3  5.85377537E+11  77.  133.  261.
p=4  5.16629124E+11  133.  205.  65.  257.
